CREATE TABLE Mark (
    student_id INT NOT NULL,
    assessment_id INT NOT NULL,
    mark FLOAT CHECK (mark BETWEEN 0 AND 100),
    PRIMARY KEY (student_id, assessment_id),
    FOREIGN KEY (student_id) REFERENCES Student(user_id),
    FOREIGN KEY (assessment_id) REFERENCES AssessmentComponent(assessment_id)
);



INSERT INTO Mark (student_id, assessment_id, mark)
VALUES
-- Student 1
(1, 1, 85.0), (1, 2, 78.0), (1, 3, 72.0), (1, 4, 82.0), (1, 5, 80.0), (1, 6, 84.0), (1, 7, 79.0), (1, 8, 83.0), (1, 9, 68.0), (1, 10, 90.0),
(1, 11, 88.0), (1, 12, 92.0), (1, 13, 75.0), (1, 14, 87.0), (1, 15, 70.0), (1, 16, 85.0), (1, 17, 88.0), (1, 18, 65.0), (1, 19, 89.0), (1, 20, 91.0),
(1, 21, 87.0), (1, 22, 85.0), (1, 23, 76.0), (1, 24, 67.0), (1, 25, 88.0), (1, 26, 86.0), (1, 27, 90.0), (1, 28, 74.0), (1, 29, 84.0), (1, 30, 69.0),
(1, 31, 87.0), (1, 32, 87.0), (1, 33, 85.0), (1, 34, 89.0), (1, 35, 77.0), (1, 36, 82.0), (1, 37, 66.0), (1, 38, 86.0), (1, 39, 84.0), (1, 40, 88.0),
(1, 41, 83.0), (1, 42, 80.0), (1, 43, 81.0), (1, 44, 71.0), (1, 45, 63.0),

-- Student 2
(2, 1, 84.0), (2, 2, 77.0), (2, 3, 0.0), (2, 4, 81.0), (2, 5, 79.0), (2, 6, 83.0), (2, 7, 78.0), (2, 8, 82.0), (2, 9, 66.0), (2, 10, 89.0),
(2, 11, 87.0), (2, 12, 91.0), (2, 13, 74.0), (2, 14, 86.0), (2, 15, 68.0), (2, 16, 84.0), (2, 17, 87.0), (2, 18, 64.0), (2, 19, 88.0), (2, 20, 90.0),
(2, 21, 86.0), (2, 22, 84.0), (2, 23, 75.0), (2, 24, 65.0), (2, 25, 87.0), (2, 26, 85.0), (2, 27, 89.0), (2, 28, 73.0), (2, 29, 83.0), (2, 30, 67.0),
(2, 31, 86.0), (2, 32, 86.0), (2, 33, 84.0), (2, 34, 88.0), (2, 35, 76.0), (2, 36, 81.0), (2, 37, 64.0), (2, 38, 85.0), (2, 39, 83.0), (2, 40, 87.0),
(2, 41, 82.0), (2, 42, 79.0), (2, 43, 80.0), (2, 44, 0.0), (2, 45, 62.0),

-- Student 3
(3, 1, 83.0), (3, 2, 76.0), (3, 3, 69.0), (3, 4, 80.0), (3, 5, 78.0), (3, 6, 82.0), (3, 7, 77.0), (3, 8, 81.0), (3, 9, 0.0), (3, 10, 88.0),
(3, 11, 86.0), (3, 12, 90.0), (3, 13, 73.0), (3, 14, 85.0), (3, 15, 67.0), (3, 16, 83.0), (3, 17, 86.0), (3, 18, 63.0), (3, 19, 87.0), (3, 20, 89.0),
(3, 21, 85.0), (3, 22, 83.0), (3, 23, 74.0), (3, 24, 64.0), (3, 25, 86.0), (3, 26, 84.0), (3, 27, 88.0), (3, 28, 72.0), (3, 29, 82.0), (3, 30, 66.0),
(3, 31, 85.0), (3, 32, 85.0), (3, 33, 83.0), (3, 34, 87.0), (3, 35, 75.0), (3, 36, 80.0), (3, 37, 63.0), (3, 38, 84.0), (3, 39, 82.0), (3, 40, 86.0),
(3, 41, 81.0), (3, 42, 78.0), (3, 43, 79.0), (3, 44, 69.0), (3, 45, 61.0),

-- Student 4
(4, 1, 82.0), (4, 2, 75.0), (4, 3, 68.0), (4, 4, 79.0), (4, 5, 77.0), (4, 6, 81.0), (4, 7, 76.0), (4, 8, 80.0), (4, 9, 64.0), (4, 10, 87.0),
(4, 11, 85.0), (4, 12, 89.0), (4, 13, 72.0), (4, 14, 84.0), (4, 15, 66.0), (4, 16, 82.0), (4, 17, 85.0), (4, 18, 62.0), (4, 19, 86.0), (4, 20, 88.0),
(4, 21, 84.0), (4, 22, 82.0), (4, 23, 73.0), (4, 24, 63.0), (4, 25, 85.0), (4, 26, 83.0), (4, 27, 87.0), (4, 28, 71.0), (4, 29, 81.0), (4, 30, 65.0),
(4, 31, 84.0), (4, 32, 84.0), (4, 33, 82.0), (4, 34, 86.0), (4, 35, 74.0), (4, 36, 79.0), (4, 37, 62.0), (4, 38, 83.0), (4, 39, 81.0), (4, 40, 85.0),
(4, 41, 80.0), (4, 42, 0.0), (4, 43, 78.0), (4, 44, 0.0), (4, 45, 0.0),

-- Student 5
(5, 1, 81.0), (5, 2, 74.0), (5, 3, 67.0), (5, 4, 78.0), (5, 5, 76.0), (5, 6, 80.0), (5, 7, 75.0), (5, 8, 79.0), (5, 9, 63.0), (5, 10, 86.0),
(5, 11, 84.0), (5, 12, 88.0), (5, 13, 71.0), (5, 14, 83.0), (5, 15, 65.0), (5, 16, 81.0), (5, 17, 84.0), (5, 18, 61.0), (5, 19, 85.0), (5, 20, 87.0),
(5, 21, 83.0), (5, 22, 81.0), (5, 23, 72.0), (5, 24, 62.0), (5, 25, 84.0), (5, 26, 82.0), (5, 27, 86.0), (5, 28, 70.0), (5, 29, 80.0), (5, 30, 64.0),
(5, 31, 83.0), (5, 32, 83.0), (5, 33, 81.0), (5, 34, 85.0), (5, 35, 73.0), (5, 36, 78.0), (5, 37, 0.0), (5, 38, 82.0), (5, 39, 80.0), (5, 40, 84.0),
(5, 41, 79.0), (5, 42, 0.0), (5, 43, 77.0), (5, 44, 67.0), (5, 45, 59.0),

-- Student 6
(6, 1, 80.0), (6, 2, 73.0), (6, 3, 66.0), (6, 4, 77.0), (6, 5, 75.0), (6, 6, 79.0), (6, 7, 74.0), (6, 8, 78.0), (6, 9, 62.0), (6, 10, 85.0),
(6, 11, 83.0), (6, 12, 87.0), (6, 13, 70.0), (6, 14, 82.0), (6, 15, 64.0), (6, 16, 80.0), (6, 17, 83.0), (6, 18, 60.0), (6, 19, 84.0), (6, 20, 86.0),
(6, 21, 82.0), (6, 22, 80.0), (6, 23, 71.0), (6, 24, 61.0), (6, 25, 83.0), (6, 26, 81.0), (6, 27, 85.0), (6, 28, 69.0), (6, 29, 79.0), (6, 30, 63.0),
(6, 31, 82.0), (6, 32, 82.0), (6, 33, 80.0), (6, 34, 84.0), (6, 35, 72.0), (6, 36, 77.0), (6, 37, 60.0), (6, 38, 81.0), (6, 39, 79.0), (6, 40, 83.0),
(6, 41, 78.0), (6, 42, 75.0), (6, 43, 76.0), (6, 44, 66.0), (6, 45, 58.0),

-- Student 7
(7, 1, 79.0), (7, 2, 72.0), (7, 3, 65.0), (7, 4, 76.0), (7, 5, 74.0), (7, 6, 78.0), (7, 7, 73.0), (7, 8, 77.0), (7, 9, 61.0), (7, 10, 84.0),
(7, 11, 82.0), (7, 12, 86.0), (7, 13, 69.0), (7, 14, 81.0), (7, 15, 63.0), (7, 16, 79.0), (7, 17, 82.0), (7, 18, 59.0), (7, 19, 83.0), (7, 20, 85.0),
(7, 21, 81.0), (7, 22, 79.0), (7, 23, 70.0), (7, 24, 60.0), (7, 25, 82.0), (7, 26, 80.0), (7, 27, 84.0), (7, 28, 68.0), (7, 29, 78.0), (7, 30, 62.0),
(7, 31, 81.0), (7, 32, 81.0), (7, 33, 79.0), (7, 34, 83.0), (7, 35, 71.0), (7, 36, 76.0), (7, 37, 59.0), (7, 38, 80.0), (7, 39, 78.0), (7, 40, 82.0),
(7, 41, 77.0), (7, 42, 74.0), (7, 43, 75.0), (7, 44, 65.0), (7, 45, 57.0),

-- Student 8
(8, 1, 78.0), (8, 2, 71.0), (8, 3, 64.0), (8, 4, 75.0), (8, 5, 73.0), (8, 6, 77.0), (8, 7, 72.0), (8, 8, 76.0), (8, 9, 60.0), (8, 10, 83.0),
(8, 11, 81.0), (8, 12, 85.0), (8, 13, 68.0), (8, 14, 80.0), (8, 15, 62.0), (8, 16, 78.0), (8, 17, 81.0), (8, 18, 58.0), (8, 19, 82.0), (8, 20, 84.0),
(8, 21, 80.0), (8, 22, 78.0), (8, 23, 69.0), (8, 24, 59.0), (8, 25, 81.0), (8, 26, 79.0), (8, 27, 83.0), (8, 28, 67.0), (8, 29, 77.0), (8, 30, 61.0),
(8, 31, 80.0), (8, 32, 80.0), (8, 33, 78.0), (8, 34, 82.0), (8, 35, 70.0), (8, 36, 75.0), (8, 37, 58.0), (8, 38, 79.0), (8, 39, 77.0), (8, 40, 81.0),
(8, 41, 76.0), (8, 42, 73.0), (8, 43, 74.0), (8, 44, 64.0), (8, 45, 56.0),

-- Student 9
(9, 1, 77.0), (9, 2, 70.0), (9, 3, 63.0), (9, 4, 74.0), (9, 5, 72.0), (9, 6, 76.0), (9, 7, 71.0), (9, 8, 75.0), (9, 9, 59.0), (9, 10, 82.0),
(9, 11, 80.0), (9, 12, 84.0), (9, 13, 67.0), (9, 14, 79.0), (9, 15, 61.0), (9, 16, 77.0), (9, 17, 80.0), (9, 18, 57.0), (9, 19, 81.0), (9, 20, 83.0),
(9, 21, 79.0), (9, 22, 77.0), (9, 23, 68.0), (9, 24, 58.0), (9, 25, 80.0), (9, 26, 78.0), (9, 27, 82.0), (9, 28, 66.0), (9, 29, 76.0), (9, 30, 60.0),
(9, 31, 79.0), (9, 32, 79.0), (9, 33, 77.0), (9, 34, 81.0), (9, 35, 69.0), (9, 36, 74.0), (9, 37, 57.0), (9, 38, 78.0), (9, 39, 76.0), (9, 40, 80.0),
(9, 41, 75.0), (9, 42, 72.0), (9, 43, 73.0), (9, 44, 63.0), (9, 45, 55.0),

-- Student 10
(10, 1, 76.0), (10, 2, 69.0), (10, 3, 62.0), (10, 4, 73.0), (10, 5, 71.0), (10, 6, 75.0), (10, 7, 70.0), (10, 8, 74.0), (10, 9, 58.0), (10, 10, 81.0),
(10, 11, 79.0), (10, 12, 83.0), (10, 13, 66.0), (10, 14, 78.0), (10, 15, 60.0), (10, 16, 76.0), (10, 17, 79.0), (10, 18, 56.0), (10, 19, 80.0), (10, 20, 82.0),
(10, 21, 78.0), (10, 22, 76.0), (10, 23, 67.0), (10, 24, 57.0), (10, 25, 79.0), (10, 26, 77.0), (10, 27, 81.0), (10, 28, 65.0), (10, 29, 75.0), (10, 30, 59.0),
(10, 31, 78.0), (10, 32, 78.0), (10, 33, 76.0), (10, 34, 80.0), (10, 35, 68.0), (10, 36, 73.0), (10, 37, 56.0), (10, 38, 77.0), (10, 39, 75.0), (10, 40, 79.0),
(10, 41, 74.0), (10, 42, 71.0), (10, 43, 72.0), (10, 44, 62.0), (10, 45, 54.0),

-- Student 11 (Repeat Student)
(11, 4, 85.0), (11, 5, 78.0), (11, 6, 90.0), (11, 7, 88.0), (11, 8, 84.0), (11, 16, 82.0), (11, 17, 87.0), (11, 18, 89.0), (11, 19, 88.0), (11, 20, 90.0),
(11, 21, 90.0),

-- Student 12 (Repeat Student)
(12, 41, 90.0), (12, 42, 86.0), (12, 43, 92.0), (12, 44, 88.0), (12, 45, 85.0),

-- Student 13 (Repeat Student)
(13, 22, 83.0), (13, 23, 78.0), (13, 24, 80.0), (13, 25, 88.0), (13, 26, 85.0), (13, 27, 65.0);